2(1)	4(1)	1(1)	1(1)	1(1)	1(1)	1(1)	1(1)	1(1)	235(0)	0(0)	0(0)	0(0)	1(1)	1(1)	1(1)	1(1)	1(1)	1(1)	235(0)	0(0)	0(0)	0(0)	1(1)	1(1)	1(1)	1(1)	1(1)	1(1)	1(1)	2(1)	4(1)	
3(1)	5(1)	237(0)	232(0)	232(0)	232(0)	232(0)	232(0)	232(0)	236(0)	0(0)	0(0)	0(0)	234(0)	232(0)	232(0)	232(0)	232(0)	232(0)	236(0)	0(0)	0(0)	0(0)	234(0)	232(0)	232(0)	232(0)	232(0)	232(0)	232(0)	3(1)	5(1)	
2(1)	4(1)	233(0)	0(0)	0(0)	0(0)	0(0)	0(0)	0(0)	0(0)	0(0)	0(0)	0(0)	0(0)	0(0)	0(0)	0(0)	0(0)	0(0)	0(0)	0(0)	0(0)	0(0)	0(0)	0(0)	0(0)	0(0)	0(0)	0(0)	0(0)	2(1)	4(1)	
3(1)	5(1)	233(0)	0(0)	0(0)	0(0)	0(0)	0(0)	0(0)	0(0)	0(0)	0(0)	0(0)	0(0)	0(0)	0(0)	0(0)	0(0)	0(0)	0(0)	0(0)	0(0)	0(0)	0(0)	0(0)	0(0)	0(0)	0(0)	0(0)	0(0)	3(1)	5(1)	
2(1)	4(1)	233(0)	0(0)	0(0)	0(0)	0(0)	0(0)	0(0)	0(0)	0(0)	0(0)	0(0)	0(0)	0(0)	0(0)	0(0)	0(0)	0(0)	0(0)	0(0)	0(0)	0(0)	0(0)	0(0)	0(0)	0(0)	0(0)	0(0)	0(0)	2(1)	4(1)	
3(1)	5(1)	233(0)	0(0)	0(0)	0(0)	1(1)	1(1)	1(1)	1(1)	1(1)	1(1)	1(1)	1(1)	1(1)	1(1)	1(1)	1(1)	1(1)	1(1)	1(1)	1(1)	1(1)	1(1)	1(1)	1(1)	1(1)	1(1)	1(1)	1(1)	3(1)	5(1)	
2(1)	4(1)	233(0)	0(0)	0(0)	0(0)	234(0)	232(0)	232(0)	232(0)	232(0)	232(0)	232(0)	232(0)	232(0)	232(0)	232(0)	232(0)	232(0)	232(0)	232(0)	232(0)	232(0)	232(0)	232(0)	232(0)	232(0)	232(0)	232(0)	232(0)	2(1)	4(1)	
3(1)	5(1)	233(0)	0(0)	0(0)	0(0)	0(0)	0(0)	0(0)	0(0)	0(0)	0(0)	0(0)	0(0)	0(0)	0(0)	0(0)	0(0)	0(0)	0(0)	0(0)	0(0)	0(0)	0(0)	0(0)	0(0)	0(0)	0(0)	0(0)	0(0)	3(1)	5(1)	
2(1)	4(1)	233(0)	0(0)	0(0)	0(0)	0(0)	0(0)	0(0)	0(0)	0(0)	0(0)	0(0)	0(0)	0(0)	0(0)	0(0)	0(0)	0(0)	0(0)	0(0)	0(0)	0(0)	0(0)	0(0)	0(0)	0(0)	0(0)	0(0)	0(0)	2(1)	4(1)	
3(1)	5(1)	233(0)	0(0)	0(0)	0(0)	0(0)	0(0)	0(0)	0(0)	0(0)	0(0)	0(0)	0(0)	0(0)	0(0)	0(0)	0(0)	0(0)	0(0)	0(0)	0(0)	0(0)	0(0)	0(0)	0(0)	0(0)	0(0)	0(0)	0(0)	3(1)	5(1)	
2(1)	4(1)	1(1)	1(1)	1(1)	1(1)	1(1)	1(1)	1(1)	1(1)	1(1)	1(1)	1(1)	1(1)	1(1)	1(1)	1(1)	1(1)	1(1)	1(1)	1(1)	1(1)	1(1)	1(1)	1(1)	1(1)	235(0)	0(0)	0(0)	0(0)	2(1)	4(1)	
3(1)	5(1)	237(0)	232(0)	232(0)	232(0)	232(0)	232(0)	232(0)	232(0)	232(0)	232(0)	232(0)	232(0)	232(0)	232(0)	232(0)	232(0)	232(0)	232(0)	232(0)	232(0)	232(0)	232(0)	232(0)	232(0)	236(0)	0(0)	0(0)	0(0)	3(1)	5(1)	
2(1)	4(1)	233(0)	0(0)	0(0)	0(0)	0(0)	0(0)	0(0)	0(0)	0(0)	0(0)	0(0)	0(0)	0(0)	0(0)	0(0)	0(0)	0(0)	0(0)	0(0)	0(0)	0(0)	0(0)	0(0)	0(0)	0(0)	0(0)	0(0)	0(0)	2(1)	4(1)	
3(1)	5(1)	233(0)	0(0)	0(0)	0(0)	0(0)	0(0)	0(0)	0(0)	0(0)	0(0)	0(0)	0(0)	0(0)	0(0)	0(0)	0(0)	0(0)	0(0)	0(0)	0(0)	0(0)	0(0)	0(0)	0(0)	0(0)	0(0)	0(0)	0(0)	3(1)	5(1)	
2(1)	4(1)	233(0)	0(0)	0(0)	0(0)	0(0)	0(0)	0(0)	0(0)	0(0)	0(0)	0(0)	0(0)	0(0)	0(0)	0(0)	0(0)	0(0)	0(0)	0(0)	0(0)	0(0)	0(0)	0(0)	0(0)	0(0)	0(0)	0(0)	0(0)	2(1)	4(1)	
3(1)	5(1)	233(0)	0(0)	0(0)	0(0)	1(1)	1(1)	1(1)	1(1)	1(1)	1(1)	1(1)	1(1)	1(1)	1(1)	1(1)	1(1)	1(1)	1(1)	1(1)	1(1)	1(1)	1(1)	1(1)	1(1)	1(1)	1(1)	1(1)	1(1)	3(1)	5(1)	
2(1)	4(1)	233(0)	0(0)	0(0)	0(0)	234(0)	232(0)	232(0)	232(0)	232(0)	232(0)	232(0)	232(0)	232(0)	232(0)	232(0)	232(0)	232(0)	232(0)	232(0)	232(0)	232(0)	232(0)	232(0)	232(0)	232(0)	232(0)	232(0)	232(0)	2(1)	4(1)	
3(1)	5(1)	233(0)	0(0)	0(0)	0(0)	0(0)	0(0)	0(0)	0(0)	0(0)	0(0)	0(0)	0(0)	0(0)	0(0)	0(0)	0(0)	0(0)	0(0)	0(0)	0(0)	0(0)	0(0)	0(0)	0(0)	0(0)	0(0)	0(0)	0(0)	3(1)	5(1)	
2(1)	4(1)	233(0)	0(0)	0(0)	0(0)	0(0)	0(0)	0(0)	0(0)	0(0)	0(0)	0(0)	0(0)	0(0)	0(0)	0(0)	0(0)	0(0)	0(0)	0(0)	0(0)	0(0)	0(0)	0(0)	0(0)	0(0)	0(0)	0(0)	0(0)	2(1)	4(1)	
3(1)	5(1)	233(0)	0(0)	0(0)	0(0)	0(0)	0(0)	0(0)	0(0)	0(0)	0(0)	0(0)	0(0)	0(0)	0(0)	0(0)	0(0)	0(0)	0(0)	0(0)	0(0)	0(0)	0(0)	0(0)	0(0)	0(0)	0(0)	0(0)	0(0)	3(1)	5(1)	
2(1)	4(1)	233(0)	0(0)	1(1)	1(1)	1(1)	1(1)	1(1)	1(1)	1(1)	1(1)	1(1)	1(1)	235(0)	0(0)	0(0)	1(1)	1(1)	1(1)	1(1)	1(1)	1(1)	1(1)	1(1)	1(1)	1(1)	235(0)	0(0)	0(0)	2(1)	4(1)	
3(1)	5(1)	233(0)	0(0)	234(0)	232(0)	232(0)	232(0)	232(0)	232(0)	232(0)	232(0)	232(0)	232(0)	236(0)	0(0)	0(0)	234(0)	232(0)	232(0)	232(0)	232(0)	232(0)	232(0)	232(0)	232(0)	232(0)	236(0)	0(0)	0(0)	3(1)	5(1)	
2(1)	4(1)	233(0)	0(0)	0(0)	0(0)	0(0)	0(0)	0(0)	0(0)	0(0)	0(0)	0(0)	0(0)	0(0)	0(0)	0(0)	0(0)	0(0)	0(0)	0(0)	0(0)	0(0)	0(0)	0(0)	0(0)	0(0)	0(0)	0(0)	0(0)	2(1)	4(1)	
3(1)	5(1)	233(0)	0(0)	0(0)	0(0)	0(0)	0(0)	0(0)	0(0)	0(0)	0(0)	0(0)	0(0)	0(0)	0(0)	0(0)	0(0)	0(0)	0(0)	0(0)	0(0)	0(0)	0(0)	0(0)	0(0)	0(0)	0(0)	0(0)	0(0)	3(1)	5(1)	
2(1)	4(1)	233(0)	0(0)	0(0)	0(0)	0(0)	0(0)	0(0)	0(0)	0(0)	0(0)	0(0)	0(0)	0(0)	0(0)	0(0)	0(0)	0(0)	0(0)	0(0)	0(0)	0(0)	0(0)	0(0)	0(0)	0(0)	0(0)	0(0)	0(0)	2(1)	4(1)	
3(1)	5(1)	1(1)	1(1)	1(1)	1(1)	1(1)	1(1)	1(1)	235(0)	0(0)	0(0)	0(0)	1(1)	1(1)	1(1)	1(1)	1(1)	1(1)	235(0)	0(0)	0(0)	0(0)	1(1)	1(1)	1(1)	1(1)	1(1)	1(1)	1(1)	3(1)	5(1)	
